F4 44 02 00 14 08
F4 44 32 00 03 F4 C4 00 00 01 00 00 C1 E9 E2 01 3B 01 06 08 00 1C 13 7F 1E 3E AE 7D 1A 06 CC 4F E4 4B 1D 47 B2 53 CB 58 49 5B 24 00 00 00 05 01 00 54 58 30 31 30
F4 44 05 00 18 05 55 05 01
F4 44 05 00 18 05 54 05 01
F4 44 05 00 18 05 13 00 01
F4 44 05 00 18 05 1B 00 01
F4 44 05 00 18 05 A8 03 01
F4 44 05 00 18 05 B1 03 01
F4 44 05 00 18 05 0F 00 01
F4 44 05 00 18 05 BE 03 01
F4 44 05 00 18 05 C2 03 01
F4 44 05 00 18 05 C3 03 01
F4 44 05 00 18 05 33 01 01
F4 44 05 00 18 05 A9 03 01
F4 44 05 00 18 05 18 00 01
F4 44 05 00 18 05 D8 00 01
F4 44 05 00 18 05 AB 03 01
F4 44 05 00 18 05 8F 01 01
F4 44 05 00 18 05 6E 00 01
F4 44 05 00 18 05 B6 03 01
F4 44 05 00 18 05 BD 03 01
F4 44 05 00 18 05 2C 03 01
F4 44 05 00 18 05 6F 00 01
F4 44 05 00 18 05 47 00 01
F4 44 05 00 18 05 6D 00 01
F4 44 05 00 18 05 ED 01 01
F4 44 05 00 18 05 2B 02 01
F4 44 05 00 18 05 BC 01 01
F4 44 05 00 18 05 D5 01 01
F4 44 05 00 18 05 AA 03 01
F4 44 05 00 18 05 32 01 01
F4 44 05 00 18 05 B4 03 01
F4 44 05 00 18 05 76 01 01
F4 44 05 00 18 05 63 01 01
F4 44 05 00 18 05 64 01 01
F4 44 05 00 18 05 65 01 01
F4 44 05 00 18 05 66 01 01
F4 44 05 00 18 05 67 01 01
F4 44 05 00 18 05 68 01 01
F4 44 05 00 18 05 69 01 01
F4 44 05 00 18 05 6A 01 01
F4 44 05 00 18 05 6B 01 01
F4 44 05 00 18 05 6C 01 01
F4 44 05 00 18 05 7D 01 01
F4 44 05 00 18 05 3F 05 01
F4 44 05 00 18 05 AF 00 01
F4 44 05 00 18 05 B0 00 01
F4 44 05 00 18 05 2A 01 01
F4 44 05 00 18 05 D7 00 01
F4 44 05 00 18 05 18 01 01
F4 44 05 00 18 05 AE 00 01
F4 44 05 00 18 05 CC 00 01
F4 44 05 00 18 05 AC 01 01
F4 44 05 00 18 05 C0 00 01
F4 44 05 00 18 05 90 01 01
F4 44 05 00 18 05 CB 01 01
F4 44 05 00 18 05 C9 01 01
F4 44 05 00 18 05 CA 01 01
F4 44 05 00 18 05 CC 01 01
F4 44 05 00 18 05 CD 01 01
F4 44 05 00 18 05 E8 02 01
F4 44 05 00 18 01 11 27 01
F4 44 05 00 18 01 C2 29 01
F4 44 05 00 18 01 DA 29 01
F4 44 05 00 18 01 42 2A 01
F4 44 05 00 18 01 68 29 01
F4 44 05 00 18 01 08 2D 01
F4 44 05 00 18 01 A8 2C 01
F4 44 04 00 18 04 C7 2F
F4 44 C0 00 05 03 03 F2 02 50 00 DC 00 00 00 00 00 28 00 96 00 00 00 C8 F8 B7 14 18 06 00 03 00 54 3D C8 00 64 0B 36 01 00 00 00 00 00 00 00 00 71 00 00 00 26 00 00 00 14 00 00 00 00 00 00 00 F4 01 F4 01 C4 09 F4 01 F4 01 00 00 00 00 00 00 00 00 00 00 00 00 00 00 00 00 00 00 00 00 00 00 00 00 00 00 00 00 00 00 00 00 00 00 00 00 00 00 00 00 00 00 00 F9 2A 01 FA 2A 01 FC 2A 01 FF 2A 01 02 2B 01 05 2B 0A 0C 2B 01 10 2B 01 11 2B 01 12 2B 0A E1 2E 01 E2 2E 01 E3 2E 01 E5 2E 01 E8 2E 01 EB 2E 01 EE 2E 01 B1 36 01 00 00 00 00 00 00 00 00 00 00 00 00 00 00 00 00 00 00 00 00 00 00 00 00 00
F4 44 05 00 17 77 04 01 00
F4 44 0C 00 08 01 45 01 00 00 00 00 00 00 00 00
F4 44 03 00 4E 01 00
F4 44 0C 00 08 01 CF 01 14 00 00 00 00 00 00 00
F4 44 0C 00 08 01 D0 01 00 00 00 00 00 00 00 00
F4 44 0C 00 08 01 DA 01 00 00 00 00 00 00 00 00
F4 44 0C 00 08 01 DB 01 00 00 00 00 00 00 00 00
F4 44 03 00 1D 09 00
F4 44 06 00 1D 04 00 00 00 00
F4 44 03 00 1F 0F 00
F4 44 6D 00 0F 08 01 07 29 4E BA AF 11 B9 A7 07 4E 02 3E 00 CB 00 6C 00 60 00 61 00 28 00 00 61 01 00 00 08 51 75 61 6E 20 56 BD 78 0A 05 0A CB 4F 00 00 64 00 00 00 00 00 E2 4B 00 00 64 00 00 00 00 00 1B 47 00 00 64 00 00 00 00 00 B2 53 00 00 64 00 00 00 00 00 C9 58 00 00 64 00 00 00 00 00 3D 5A 00 00 64 00 00 00 00 00 00 00 00 00 00 00
F4 44 07 00 0F 14 01 00 00 01 00
F4 44 D8 00 0F 08 01 07 29 4E BA AF 11 B9 A7 07 4E 02 3E 00 CB 00 6C 00 60 00 61 00 28 00 00 61 01 00 00 08 51 75 61 6E 20 56 BD 78 0A 05 0A CB 4F 00 00 64 00 00 00 00 00 E2 4B 00 00 64 00 00 00 00 00 1B 47 00 00 64 00 00 00 00 00 B2 53 00 00 64 00 00 00 00 00 C9 58 00 00 64 00 00 00 00 00 3D 5A 00 00 64 00 00 00 00 00 00 00 00 00 00 00 02 08 29 F8 B7 14 18 C8 E8 07 45 02 D1 00 4F 00 3F 00 8F 00 62 00 24 00 00 5F 01 00 00 08 54 B8 F0 20 54 68 BC C2 0A 0A 0A 00 00 00 00 64 00 00 00 00 00 00 00 00 00 64 00 00 00 00 00 00 00 00 00 64 00 00 00 00 00 00 00 00 00 64 00 00 00 00 00 00 00 00 00 64 00 00 00 00 00 00 00 00 00 64 00 00 00 00 00 00 00 00 00 00 00
F4 44 07 00 0F 14 02 00 00 02 00
F4 44 45 01 0F 08 01 07 29 4E BA AF 11 B9 A7 07 4E 02 3E 00 CB 00 6C 00 60 00 61 00 28 00 00 61 01 00 00 08 51 75 61 6E 20 56 BD 78 0A 05 0A CB 4F 00 00 64 00 00 00 00 00 E2 4B 00 00 64 00 00 00 00 00 1B 47 00 00 64 00 00 00 00 00 B2 53 00 00 64 00 00 00 00 00 C9 58 00 00 64 00 00 00 00 00 3D 5A 00 00 64 00 00 00 00 00 00 00 00 00 00 00 02 08 29 F8 B7 14 18 C8 E8 07 45 02 D1 00 4F 00 3F 00 8F 00 62 00 24 00 00 5F 01 00 00 08 54 B8 F0 20 54 68 BC C2 0A 0A 0A 00 00 00 00 64 00 00 00 00 00 00 00 00 00 64 00 00 00 00 00 00 00 00 00 64 00 00 00 00 00 00 00 00 00 64 00 00 00 00 00 00 00 00 00 64 00 00 00 00 00 00 00 00 00 64 00 00 00 00 00 00 00 00 00 00 00 04 0C 56 06 00 00 00 01 81 00 45 00 08 00 06 00 05 00 04 00 0C 00 04 00 00 3C 01 00 00 0A 42 61 20 AE FE 75 20 59 BC 7E 01 01 01 00 00 00 00 64 00 00 00 00 00 00 00 00 00 64 00 00 00 00 00 00 00 00 00 64 00 00 00 00 00 00 00 00 00 64 00 00 00 00 00 00 00 00 00 64 00 00 00 00 00 00 00 00 00 64 00 00 00 00 00 00 00 00 00 00 00
F4 44 07 00 0F 14 04 00 00 04 00
F4 44 31 00 17 8D 08 01 01 00 00 00 FF FF FF FF FF 02 00 00 00 FF FF FF FF FF 03 00 00 00 FF FF FF FF FF 04 00 00 00 FF FF FF FF FF 05 00 00 00 FF FF FF FF FF
F4 44 0F 00 08 02 04 01 00 D4 01 6C 00 00 00 00 00 00 00
F4 44 0F 00 08 02 04 01 00 D2 02 0A 00 00 00 00 00 00 00
F4 44 0F 00 08 02 04 01 00 D3 02 03 00 00 00 00 00 00 00
F4 44 0F 00 08 02 04 01 00 CF 01 00 00 00 00 00 00 00 00
F4 44 0F 00 08 02 04 01 00 D0 01 00 00 00 00 00 00 00 00
F4 44 0F 00 08 02 04 01 00 D6 01 21 00 00 00 00 00 00 00
F4 44 0F 00 08 02 04 01 00 DA 01 00 00 00 00 00 00 00 00
F4 44 0F 00 08 02 04 01 00 DB 01 00 00 00 00 00 00 00 00
F4 44 0F 00 08 02 04 02 00 D4 01 00 00 00 00 00 00 00 00
F4 44 0F 00 08 02 04 02 00 D2 01 00 00 00 00 00 00 00 00
F4 44 0F 00 08 02 04 02 00 D3 01 00 00 00 00 00 00 00 00
F4 44 0F 00 08 02 04 02 00 CF 01 00 00 00 00 00 00 00 00
F4 44 0F 00 08 02 04 02 00 D0 01 00 00 00 00 00 00 00 00
F4 44 0F 00 08 02 04 02 00 D6 01 00 00 00 00 00 00 00 00
F4 44 0F 00 08 02 04 02 00 DA 01 00 00 00 00 00 00 00 00
F4 44 0F 00 08 02 04 02 00 DB 01 00 00 00 00 00 00 00 00
F4 44 0F 00 08 02 04 04 00 D4 01 00 00 00 00 00 00 00 00
F4 44 0F 00 08 02 04 04 00 D2 01 00 00 00 00 00 00 00 00
F4 44 0F 00 08 02 04 04 00 D3 01 00 00 00 00 00 00 00 00
F4 44 0F 00 08 02 04 04 00 CF 01 00 00 00 00 00 00 00 00
F4 44 0F 00 08 02 04 04 00 D0 01 00 00 00 00 00 00 00 00
F4 44 0F 00 08 02 04 04 00 D6 01 00 00 00 00 00 00 00 00
F4 44 0F 00 08 02 04 04 00 DA 01 00 00 00 00 00 00 00 00
F4 44 0F 00 08 02 04 04 00 DB 01 00 00 00 00 00 00 00 00
F4 44 04 00 21 02 00 01
F4 44 34 00 1F 06 01 9F A0 C8 1E 06 09 54 DC AC 6E 67 20 54 D0 C6 02 10 B0 C8 E8 07 0A 4E 67 B9 EF 20 44 75 79 BC 79 03 1B B0 C8 DC 06 0A 54 68 C4 F8 68 20 51 2E 4E 67
F4 44 0A 01 17 05 01 31 5A 01 00 00 64 00 00 00 00 00 02 D4 B3 30 00 00 64 00 00 00 00 00 03 78 B5 1D 00 00 64 00 00 00 00 00 04 2D 5A 01 00 00 64 00 00 00 00 00 05 54 B4 01 00 00 64 00 00 00 00 00 06 73 93 05 00 00 64 00 00 00 00 00 07 15 B4 01 00 00 64 00 00 00 00 00 08 12 72 07 00 00 64 00 00 00 00 00 09 70 B7 01 00 00 64 00 00 00 00 00 0A DB 51 01 00 00 64 00 00 00 00 00 0B 36 5A 01 00 00 64 00 00 00 00 00 0C 13 72 08 00 00 64 00 00 00 00 00 0D 19 4D 01 00 00 64 00 00 00 00 00 0E CD AF 02 00 00 64 00 00 00 00 00 0F 3F B5 26 00 00 64 00 00 00 00 00 10 3B 5A 01 00 00 64 00 00 00 00 00 11 9B B4 03 00 00 64 00 00 00 00 00 12 63 4A 01 00 00 64 00 00 00 00 00 13 DE 50 01 00 00 64 00 00 00 00 00 15 6C BF 0A 00 00 64 00 00 00 00 00 16 72 75 02 00 00 64 00 00 00 00 00 17 57 B4 1E 00 00 64 00 00 00 00 00
F4 44 46 01 1E 01 01 31 2A 01 00 00 64 00 00 00 00 00 02 32 2A 01 00 00 64 00 00 00 00 00 03 61 5A 01 00 00 64 00 00 00 00 00 04 62 5A 01 00 00 64 00 00 00 00 00 05 35 2A 01 00 00 64 00 00 00 00 00 06 36 2A 01 00 00 64 00 00 00 00 00 07 37 2A 01 00 00 64 00 00 00 00 00 08 2D 5A 01 00 00 64 00 00 00 00 00 09 F4 59 01 00 00 64 00 00 00 00 00 0A 08 B4 01 00 00 64 00 00 00 00 00 0B 78 B5 1F 00 00 64 00 00 00 00 00 0C 62 5A 01 00 00 64 00 00 00 00 00 0D 62 5A 01 00 00 64 00 00 00 00 00 0E 61 5A 01 00 00 64 00 00 00 00 00 0F DE 5D 01 00 00 64 00 00 00 00 00 11 69 BF 32 00 00 64 00 00 00 00 00 13 61 5A 01 00 00 64 00 00 00 00 00 14 5F 5A 01 00 00 64 00 00 00 00 00 15 5F 5A 01 00 00 64 00 00 00 00 00 16 5F 5A 01 00 00 64 00 00 00 00 00 17 5F 5A 01 00 00 64 00 00 00 00 00 18 5F 5A 01 00 00 64 00 00 00 00 00 19 61 5A 01 00 00 64 00 00 00 00 00 1A 62 5A 01 00 00 64 00 00 00 00 00 1B 40 B5 32 00 00 64 00 00 00 00 00 1C 3E B5 32 00 00 64 00 00 00 00 00 1D 3D B5 32 00 00 64 00 00 00 00 00
F4 44 C9 00 17 8D 01 01 00 00 00 00 00 00 00 00 02 00 00 00 00 00 00 00 00 03 00 00 00 00 00 00 00 00 04 00 00 00 00 00 00 00 00 05 00 00 00 00 00 00 00 00 06 00 00 00 00 00 00 00 00 07 00 00 00 00 00 00 00 00 08 00 00 00 00 00 00 00 00 09 00 00 00 00 00 00 00 00 0A 00 00 00 00 00 00 00 00 0B 00 00 00 00 00 00 00 00 0C 00 00 00 00 00 00 00 00 0D 00 00 00 00 00 00 00 00 0E 00 00 00 00 00 00 00 00 0F 00 00 00 00 00 00 00 00 10 00 00 00 00 00 00 00 00 11 00 00 00 00 00 00 00 00 12 00 00 00 00 00 00 00 00 13 00 00 00 00 00 00 00 00 15 00 00 00 00 00 00 00 00 16 00 00 00 00 00 00 00 00 17 00 00 00 00 00 00 00 00
F4 44 F6 00 17 8D 04 01 00 00 00 00 00 00 00 00 02 00 00 00 00 00 00 00 00 03 00 00 00 00 00 00 00 00 04 00 00 00 00 00 00 00 00 05 00 00 00 00 00 00 00 00 06 00 00 00 00 00 00 00 00 07 00 00 00 00 00 00 00 00 08 00 00 00 00 00 00 00 00 09 00 00 00 00 00 00 00 00 0A 00 00 00 00 00 00 00 00 0B 00 00 00 00 00 00 00 00 0C 00 00 00 00 00 00 00 00 0D 00 00 00 00 00 00 00 00 0E 00 00 00 00 00 00 00 00 0F 00 00 00 00 00 00 00 00 11 00 00 00 00 00 00 00 00 13 00 00 00 00 00 00 00 00 14 00 00 00 00 00 00 00 00 15 00 00 00 00 00 00 00 00 16 00 00 00 00 00 00 00 00 17 00 00 00 00 00 00 00 00 18 00 00 00 00 00 00 00 00 19 00 00 00 00 00 00 00 00 1A 00 00 00 00 00 00 00 00 1B 00 00 00 00 00 00 00 00 1C 00 00 00 00 00 00 00 00 1D 00 00 00 00 00 00 00 00
F4 44 3E 00 17 0B CC 4F 00 00 64 00 00 00 00 00 E4 4B 00 00 64 00 00 00 00 00 1D 47 00 00 64 00 00 00 00 00 B2 53 00 00 64 00 00 00 00 00 CB 58 00 00 64 00 00 00 00 00 49 5B 00 00 64 00 00 00 00 00
F4 44 31 00 17 8D 08 00 01 00 00 00 00 00 00 00 00 02 00 00 00 00 00 00 00 00 03 00 00 00 00 00 00 00 00 04 00 00 00 00 00 00 00 00 05 00 00 00 00 00 00 00 00
F4 44 0A 00 1A 04 00 00 00 00 00 00 00 00
F4 44 06 00 13 01 07 29 00 00
F4 44 09 00 14 36 01 A8 2C 00 DD 6D 00
F4 44 04 00 0F 13 01 00
F4 44 03 00 17 76 00
F4 44 1D 00 02 0B 00 00 00 00 30 32 2F 30 34 2F 32 30 32 34 20 30 38 3A 20 30 37 3A 31 38 20 41 4D
F4 44 19 00 02 0B 00 00 00 00 68 74 74 70 3A 2F 2F 74 73 6F 6E 6C 69 6E 65 2E 78 79 7A
F4 44 1D 00 02 0B 00 00 00 00 43 68 C0 42 20 63 BC F3 20 62 C5 42 20 76 75 69 20 76 B4 4E 5E 5E 21
F4 44 1E 00 02 0B 00 00 00 00 54 53 20 4F 6E 6C 69 6E 65 20 70 68 69 BC 79 20 62 CB F5 20 32 2E 30 2E
F4 44 17 00 02 0B 00 00 00 00 4B BC 79 68 20 30 20 28 34 34 33 2F 32 30 30 30 29
F4 44 16 00 02 0C 4B 68 69 BC 7E 20 63 68 69 D0 EC 20 62 D6 AD 20 B0 4B 75 21
F4 44 05 00 18 05 42 05 01
F4 44 07 00 27 1F 01 00 00 00 1F
F4 44 07 00 27 1F 02 00 00 00 1F
F4 44 07 00 27 1F 03 00 00 00 1F
F4 44 27 01 27 20 66 01 00 00 00 88 88 88 88 88 88 88 88 88 88 88 88 8F FF FF CC 33 33 32 CF FF FF FF F8 8F FF FC E3 28 CC CC FF FF FF FF F8 8F FF CE 3D 83 32 2C FF FF FF FF F8 8F FF CE E3 32 8C CF FF FF FF FF F8 8F FF FC E3 D8 32 2C FF FF FF CF F8 8F FF CF CE 33 28 CC FF FF FC 3C F8 8F FC 3C FC 3D 82 26 CF FF C6 3C F8 8F C1 3C FC E3 98 8C CF CC 32 6C F8 8C 3C 20 C8 92 22 22 9C 86 BD CC F8 8C 3C 2D 03 22 C8 8C 29 CC CC 66 C8 8C 22 22 22 28 68 83 82 96 B3 26 38 8C 22 22 23 28 E3 86 82 96 B3 26 38 8C 32 D9 D2 22 C8 8C 29 CC CC 66 C8 83 2C CC C8 92 22 22 9C 86 BD CC F8 8C CF FF FC 33 98 8C CF CC 32 6C F8 8F FF FF FC 3D 82 26 CF FF C6 3C F8 8F FF FF CE 33 28 CC FF FF FC 3C F8 8F FF FC E3 D8 32 2C FF FF FF CF F8 8F FF CE E3 32 8C CF FF FF FF FF F8 8F FF CE 3D 83 32 2C FF FF FF FF F8 8F FF FC E3 28 CC CC FF FF FF FF F8 8F FF FF CC 33 33 32 CF FF FF FF F8 88 88 88 88 88 88 88 88 88 88 88 88
F4 44 27 01 27 20 0F 27 00 00 00 FF FF FF FF FF FF FF FF FF CC FF FF FF FF FF FF FF FF FF FF FC 22 CF FF FF FF FF FF FF FC CC CC C2 32 CF FF FF FF FF FF FC C2 22 33 33 2C FF FF FF FF FF FF C2 33 E3 BB 33 0C FF FF FF FF FF FC 23 EC C3 BB 33 2C FF FF FF FF FF C2 3E CC CC EB E3 32 CF FF FF FF FC 23 EE CE CC EE E3 32 CF FF FF FF C2 3E EE EC CE EE EE 33 2C FF FF FF C2 3E EE EE EE EE 03 E3 2C FF FF FC 23 3E EE EE EE EE 30 E3 2C FF FF FC 23 3E EE EE EE EE 30 33 2C FF FF C2 33 33 EE EE EE EE 30 E3 2C FF FF C3 32 23 3E EE EE EE 03 33 2C FF FF CE 00 23 33 E3 E3 E3 E3 33 BC FF FF C2 3E 03 3E 3C CE 3E 33 33 BC FF FF FC C0 22 33 CC CC 33 B3 32 BC FF FF FF FC B2 33 CE CC 3B B3 32 CF FF FF FF FF CB 23 3C C3 3B B3 BB CF FF FF FF FF FC B2 23 33 33 32 BC FF FF FF FF FF FF CB B2 22 22 2B BC FF FF FF FF FF FF FC CB BB BB BC 32 CF FF FF FF FF FF FF FC CC CC CF C2 CF FF FF FF FF FF FF FF FF FF FF FC FF FF
F4 44 27 01 29 05 01 03 00 0C 54 48 45 20 45 4D 50 45 52 4F 52 53 AF 7E 00 00 B1 7E 00 00 AE 7E 00 00 04 42 00 00 00 00 00 00 00 00 00 00 00 00 00 00 00 00 00 00 66 01 00 00 00 00 00 00 00 02 03 00 0E 51 75 E2 6E 20 F0 6F E0 6E 20 36 36 36 36 0A 1A 00 00 00 00 00 00 00 00 00 00 00 00 00 00 00 00 00 00 00 00 00 00 00 00 00 00 00 00 00 00 0F 27 00 00 00 00 00 00 00 03 03 00 0E 51 75 E2 6E 20 F0 6F E0 6E 20 36 36 36 36 0A 1A 00 00 00 00 00 00 00 00 00 00 00 00 00 00 00 00 00 00 00 00 00 00 00 00 00 00 00 00 00 00 0F 27 00 00 00 00 00 00 00 04 03 00 0E 51 75 E2 6E 20 F0 6F E0 6E 20 36 36 36 36 0A 1A 00 00 00 00 00 00 00 00 00 00 00 00 00 00 00 00 00 00 00 00 00 00 00 00 00 00 00 00 00 00 0F 27 00 00 00 00 00 00 00 05 03 00 0E 51 75 E2 6E 20 F0 6F E0 6E 20 36 36 36 36 0A 1A 00 00 00 00 00 00 00 00 00 00 00 00 00 00 00 00 00 00 00 00 00 00 00 00 00 00 00 00 00 00 0F 27 00 00 00 00 00 00 00
F4 44 07 00 41 03 F4 C4 00 00 00
F4 44 0A 00 0B 0B 00 00 00 00 00 00 00 00
F4 44 02 00 41 02
F4 44 6D 00 0F 08 01 07 29 4E BA AF 11 B9 A7 07 4E 02 3E 00 CB 00 6C 00 60 00 61 00 28 00 00 61 01 00 00 08 51 75 61 6E 20 56 BD 78 0A 05 0A CB 4F 00 00 64 00 00 00 00 00 E2 4B 00 00 64 00 00 00 00 00 1B 47 00 00 64 00 00 00 00 00 B2 53 00 00 64 00 00 00 00 00 C9 58 00 00 64 00 00 00 00 00 3D 5A 00 00 64 00 00 00 00 00 00 00 00 00 00 00
F4 44 D8 00 0F 08 01 07 29 4E BA AF 11 B9 A7 07 4E 02 3E 00 CB 00 6C 00 60 00 61 00 28 00 00 61 01 00 00 08 51 75 61 6E 20 56 BD 78 0A 05 0A CB 4F 00 00 64 00 00 00 00 00 E2 4B 00 00 64 00 00 00 00 00 1B 47 00 00 64 00 00 00 00 00 B2 53 00 00 64 00 00 00 00 00 C9 58 00 00 64 00 00 00 00 00 3D 5A 00 00 64 00 00 00 00 00 00 00 00 00 00 00 02 08 29 F8 B7 14 18 C8 E8 07 45 02 D1 00 4F 00 3F 00 8F 00 62 00 24 00 00 5F 01 00 00 08 54 B8 F0 20 54 68 BC C2 0A 0A 0A 00 00 00 00 64 00 00 00 00 00 00 00 00 00 64 00 00 00 00 00 00 00 00 00 64 00 00 00 00 00 00 00 00 00 64 00 00 00 00 00 00 00 00 00 64 00 00 00 00 00 00 00 00 00 64 00 00 00 00 00 00 00 00 00 00 00
F4 44 45 01 0F 08 01 07 29 4E BA AF 11 B9 A7 07 4E 02 3E 00 CB 00 6C 00 60 00 61 00 28 00 00 61 01 00 00 08 51 75 61 6E 20 56 BD 78 0A 05 0A CB 4F 00 00 64 00 00 00 00 00 E2 4B 00 00 64 00 00 00 00 00 1B 47 00 00 64 00 00 00 00 00 B2 53 00 00 64 00 00 00 00 00 C9 58 00 00 64 00 00 00 00 00 3D 5A 00 00 64 00 00 00 00 00 00 00 00 00 00 00 02 08 29 F8 B7 14 18 C8 E8 07 45 02 D1 00 4F 00 3F 00 8F 00 62 00 24 00 00 5F 01 00 00 08 54 B8 F0 20 54 68 BC C2 0A 0A 0A 00 00 00 00 64 00 00 00 00 00 00 00 00 00 64 00 00 00 00 00 00 00 00 00 64 00 00 00 00 00 00 00 00 00 64 00 00 00 00 00 00 00 00 00 64 00 00 00 00 00 00 00 00 00 64 00 00 00 00 00 00 00 00 00 00 00 04 0C 56 06 00 00 00 01 81 00 45 00 08 00 06 00 05 00 04 00 0C 00 04 00 00 3C 01 00 00 0A 42 61 20 AE FE 75 20 59 BC 7E 01 01 01 00 00 00 00 64 00 00 00 00 00 00 00 00 00 64 00 00 00 00 00 00 00 00 00 64 00 00 00 00 00 00 00 00 00 64 00 00 00 00 00 00 00 00 00 64 00 00 00 00 00 00 00 00 00 64 00 00 00 00 00 00 00 00 00 00 00
F4 44 3E 00 17 0B CC 4F 00 00 64 00 00 00 00 00 E4 4B 00 00 64 00 00 00 00 00 1D 47 00 00 64 00 00 00 00 00 B2 53 00 00 64 00 00 00 00 00 CB 58 00 00 64 00 00 00 00 00 49 5B 00 00 64 00 00 00 00 00
F4 44 07 00 41 06 01 78 B5 16 00
F4 44 12 00 23 04 00 00 00 00 00 00 00 00 00 00 00 00 00 00 00 00
F4 44 07 00 41 03 F4 C4 00 00 00
F4 44 0A 00 0B 0B 00 00 00 00 00 00 00 00
F4 44 02 00 41 02
F4 44 02 00 35 0D
F4 44 02 00 05 04
F4 44 02 00 14 08
F4 44 03 00 41 07 02
F4 44 03 00 41 07 02
F4 44 03 00 41 07 02
F4 44 03 00 41 07 02
F4 44 03 00 41 07 02
F4 44 06 00 01 01 EE 7F 00 00
F4 44 06 00 01 01 F1 7F 00 00
F4 44 06 00 01 01 EF 7F 00 00
F4 44 03 00 41 07 02
F4 44 03 00 41 07 02
F4 44 03 00 41 07 02
F4 44 03 00 41 07 02
F4 44 03 00 41 07 02
F4 44 11 00 27 09 C6 9C 00 00 61 01 00 00 06 4E 6F 46 65 61 72
F4 44 06 00 01 01 F0 7F 00 00
F4 44 03 00 41 07 02
F4 44 03 00 41 07 02
F4 44 03 00 41 07 02